0.897833 9.99731E-05 0.101867 9.99731E-05 9.99731E-05
0.986445 9.99731E-05 9.99731E-05 9.99731E-05 0.0132546
0.803487 0.0299882 0.166325 9.99821E-05 9.99821E-05
0.9996 9.997E-05 9.997E-05 9.997E-05 9.997E-05
0.9996 9.997E-05 9.997E-05 9.997E-05 9.997E-05
0.9996 9.997E-05 9.997E-05 9.997E-05 9.997E-05
0.9996 9.997E-05 9.997E-05 9.997E-05 9.997E-05
0.899939 9.99731E-05 0.0997616 9.99731E-05 9.99731E-05
0.9996 9.997E-05 9.997E-05 9.997E-05 9.997E-05
0.9996 9.997E-05 9.997E-05 9.997E-05 9.997E-05
0.989058 9.99731E-05 0.0106417 9.99731E-05 9.99731E-05
0.852818 9.99731E-05 0.146882 9.99731E-05 9.99731E-05
0.9996 9.997E-05 9.997E-05 9.997E-05 9.997E-05
0.9996 9.997E-05 9.997E-05 9.997E-05 9.997E-05
0.9996 9.997E-05 9.997E-05 9.997E-05 9.997E-05
0.916731 9.99731E-05 9.99731E-05 9.99731E-05 0.082969
0.960966 9.99731E-05 9.99731E-05 9.99731E-05 0.0387345
0.943817 9.99731E-05 9.99731E-05 9.99731E-05 0.0558834
0.871214 9.99821E-05 0.0304317 9.99821E-05 0.0981539
0.60737 9.99821E-05 0.194762 0.197668 9.99821E-05
0.195024 9.99821E-05 0.67118 9.99821E-05 0.133596
0.905942 9.99731E-05 0.0937584 9.99731E-05 9.99731E-05
0.9996 9.997E-05 9.997E-05 9.997E-05 9.997E-05
0.689287 0.206737 0.103777 9.99821E-05 9.99821E-05
0.9996 9.997E-05 9.997E-05 9.997E-05 9.997E-05
0.788509 0.0672201 0.144071 9.99821E-05 9.99821E-05
0.709327 9.9991E-05 0.134694 0.0580254 0.0978539
0.613246 0.122327 0.264227 9.99821E-05 9.99821E-05
0.961242 0.0384578 9.99731E-05 9.99731E-05 9.99731E-05
9.99731E-05 9.99731E-05 0.690122 9.99731E-05 0.309578
9.997E-05 9.997E-05 0.9996 9.997E-05 9.997E-05
0.0884627 9.9982E-05 0.806012 9.9982E-05 0.105325
0.115891 9.99732E-05 0.883809 9.99732E-05 9.99732E-05
0.20397 9.99731E-05 0.79573 9.99731E-05 9.99731E-05
0.0654769 9.99731E-05 0.934223 9.99731E-05 9.99731E-05
9.99731E-05 9.99731E-05 0.933283 9.99731E-05 0.0664169
0.381713 0.0324089 0.481292 9.9991E-05 0.104487
9.997E-05 9.997E-05 0.9996 9.997E-05 9.997E-05
0.126937 0.0149697 0.808321 9.9991E-05 0.0496721
9.997E-05 9.997E-05 0.9996 9.997E-05 9.997E-05
9.997E-05 9.997E-05 0.9996 9.997E-05 9.997E-05
9.99731E-05 0.00354254 0.996158 9.99731E-05 9.99731E-05
0.0566562 9.99821E-05 0.900609 0.0425347 9.99821E-05
0.177881 9.9991E-05 0.742303 0.0640625 0.015653
0.287426 9.9991E-05 0.543517 0.105457 0.0634999
0.0794694 0.0677497 0.852581 9.99821E-05 9.99821E-05
0.170865 9.99821E-05 0.807657 0.0212781 9.99821E-05
0.153711 9.9991E-05 0.353434 0.168848 0.323906
9.99821E-05 0.0731456 0.899506 0.0271484 9.99821E-05
0.00708942 9.99821E-05 0.912986 9.99821E-05 0.0797247
9.99731E-05 9.99731E-05 0.888006 9.99731E-05 0.111694
9.99732E-05 9.99732E-05 0.696625 9.99732E-05 0.303075
0.106852 0.119203 0.385849 0.387995 9.99911E-05
0.350669 9.99821E-05 0.527401 9.99821E-05 0.12173
9.997E-05 9.997E-05 0.9996 9.997E-05 9.997E-05
0.212595 9.99732E-05 0.787105 9.99732E-05 9.99732E-05
9.99731E-05 9.99731E-05 0.894515 0.105185 9.99731E-05
9.99821E-05 9.99821E-05 0.71576 0.0470537 0.236986
9.99821E-05 0.0132171 0.582833 0.40375 9.99821E-05
9.99731E-05 9.99731E-05 0.891821 9.99731E-05 0.107879
0.0468803 9.9982E-05 0.698817 9.9982E-05 0.254102
0.055986 9.9982E-05 9.9982E-05 0.132081 0.811733
0.206379 0.20376 0.309819 0.279942 9.9991E-05
0.308555 9.99911E-05 0.345762 0.126215 0.219368
0.0277552 9.99821E-05 0.00214963 9.99821E-05 0.969895
0.231208 9.99731E-05 9.99731E-05 9.99731E-05 0.768492
0.161276 0.102969 0.466993 9.9991E-05 0.268663
0.21049 9.9991E-05 0.0125823 0.045152 0.731676
9.99821E-05 9.99821E-05 0.717355 0.159825 0.12262
0.200963 0.0781566 0.486522 0.234258 9.99911E-05
0.265529 9.99911E-05 0.361436 0.167149 0.205786
0.423065 9.9982E-05 0.10328 0.473456 9.9982E-05
0.102122 0.124207 0.418908 0.0085413 0.346221
9.99821E-05 9.99821E-05 0.0851523 0.160882 0.753766
0.356577 9.9991E-05 0.173553 0.429128 0.0406418
0.184415 0.322789 0.433947 9.9991E-05 0.0587483
0.293558 9.99821E-05 9.99821E-05 0.0185111 0.687731
9.99731E-05 0.0747893 9.99731E-05 9.99731E-05 0.924911
0.0597706 0.292473 0.385191 9.9991E-05 0.262465
9.99732E-05 9.99732E-05 9.99732E-05 0.271881 0.727819
0.00942539 9.9991E-05 0.0465768 0.872651 0.0712464
9.99821E-05 9.99821E-05 0.144617 0.125151 0.730032
9.9991E-05 0.0994638 0.437559 0.301514 0.161364
9.99821E-05 0.215703 0.530917 9.99821E-05 0.25318
0.367498 9.9982E-05 9.9982E-05 0.198757 0.433545
0.245577 0.0620881 0.216458 9.9991E-05 0.475778
9.99821E-05 0.516892 9.99821E-05 0.289387 0.193522
0.0776237 9.9982E-05 0.103464 9.9982E-05 0.818713
9.9982E-05 0.0720638 0.0332687 0.894467 9.9982E-05
0.192306 9.99821E-05 0.199162 9.99821E-05 0.608332
9.9982E-05 0.0614976 9.9982E-05 0.352594 0.585708
9.9982E-05 0.400294 9.9982E-05 0.190212 0.409293
9.9982E-05 9.9982E-05 0.0908565 0.671099 0.237844
0.0784555 0.320002 9.99821E-05 0.601343 9.99821E-05
9.9982E-05 0.501262 0.242086 0.256452 9.9982E-05
9.9991E-05 0.142273 0.0756368 0.738676 0.0433142
9.99731E-05 0.154297 9.99731E-05 0.845404 9.99731E-05
0.0314799 0.495584 9.9991E-05 0.0523738 0.420462
9.99731E-05 0.421109 9.99731E-05 0.578591 9.99731E-05
9.99821E-05 0.553676 0.130578 0.315546 9.99821E-05
0.0544369 0.0589777 9.9991E-05 0.534405 0.352081
9.99732E-05 0.773097 9.99732E-05 9.99732E-05 0.226603
9.99731E-05 0.368768 9.99731E-05 0.630932 9.99731E-05
9.99731E-05 0.455035 9.99731E-05 9.99731E-05 0.544665
9.99731E-05 0.480282 9.99731E-05 0.519418 9.99731E-05
0.0860484 0.480252 0.0757032 0.357896 9.9991E-05
9.99731E-05 0.825465 9.99731E-05 0.174235 9.99731E-05
0.0133872 0.614423 0.0780994 0.198492 0.0955982
9.99821E-05 0.557423 9.99821E-05 0.289737 0.15264
0.150271 0.470073 0.00034438 0.274811 0.104501
9.99731E-05 0.553278 9.99731E-05 9.99731E-05 0.446422
0.000803257 0.46543 9.9991E-05 0.444709 0.0889576
0.0317969 0.615937 0.00946563 0.0492001 0.2936
9.99821E-05 0.407006 0.215996 0.376798 9.99821E-05
9.99731E-05 0.597635 9.99731E-05 0.402065 9.99731E-05
0.00322682 0.678445 9.99821E-05 0.318128 9.99821E-05
9.99821E-05 0.226021 9.99821E-05 0.53074 0.243039
9.99821E-05 0.860727 0.092065 9.99821E-05 0.0470085
9.997E-05 0.9996 9.997E-05 9.997E-05 9.997E-05
9.99731E-05 0.957637 9.99731E-05 0.0420634 9.99731E-05
9.99731E-05 0.460837 9.99731E-05 0.538863 9.99731E-05
9.99731E-05 0.845443 9.99731E-05 0.154257 9.99731E-05
9.99821E-05 0.756168 9.99821E-05 0.202616 0.0410165
0.0311548 0.8077 9.99821E-05 9.99821E-05 0.160945
9.99821E-05 0.653698 0.0195122 0.32659 9.99821E-05
9.99731E-05 0.899316 9.99731E-05 0.100384 9.99731E-05
9.99821E-05 0.834112 9.99821E-05 0.0874726 0.0782152
9.997E-05 0.9996 9.997E-05 9.997E-05 9.997E-05
0.0648769 0.847098 9.99821E-05 9.99821E-05 0.0878252
9.99731E-05 0.772535 9.99731E-05 0.227165 9.99731E-05
9.997E-05 0.9996 9.997E-05 9.997E-05 9.997E-05
9.997E-05 0.9996 9.997E-05 9.997E-05 9.997E-05
9.99821E-05 0.64464 0.0137963 0.341364 9.99821E-05
9.997E-05 0.9996 9.997E-05 9.997E-05 9.997E-05
0.0516899 0.94801 9.99732E-05 9.99732E-05 9.99732E-05
9.99821E-05 0.925654 0.0427748 0.0313713 9.99821E-05
9.99732E-05 0.950414 9.99732E-05 9.99732E-05 0.0492865
9.99821E-05 0.856451 0.0197515 9.99821E-05 0.123598
0.0132499 0.897233 0.0893173 9.9982E-05 9.9982E-05
0.0120204 0.978131 0.00964827 9.99821E-05 9.99821E-05
0.0389102 0.888496 0.0415609 9.9991E-05 0.0309326
0.0160355 0.826582 9.99821E-05 0.157183 9.99821E-05
