0.966574 9.99731E-05 9.99731E-05 9.99731E-05 0.033126
0.957906 9.9973E-05 0.0417946 9.9973E-05 9.9973E-05
0.801427 9.9991E-05 0.0887762 0.0148648 0.0948315
0.962488 9.99731E-05 0.0372118 9.99731E-05 9.99731E-05
0.9996 9.997E-05 9.997E-05 9.997E-05 9.997E-05
0.9996 9.997E-05 9.997E-05 9.997E-05 9.997E-05
0.9996 9.997E-05 9.997E-05 9.997E-05 9.997E-05
0.969341 0.0303594 9.99731E-05 9.99731E-05 9.99731E-05
0.9996 9.997E-05 9.997E-05 9.997E-05 9.997E-05
0.9996 9.997E-05 9.997E-05 9.997E-05 9.997E-05
0.910455 0.0892447 9.99731E-05 9.99731E-05 9.99731E-05
0.932789 9.99731E-05 9.99731E-05 9.99731E-05 0.066911
0.9996 9.997E-05 9.997E-05 9.997E-05 9.997E-05
0.9996 9.997E-05 9.997E-05 9.997E-05 9.997E-05
0.9996 9.997E-05 9.997E-05 9.997E-05 9.997E-05
0.828444 9.99731E-05 0.171257 9.99731E-05 9.99731E-05
0.993061 9.99732E-05 0.00663927 9.99732E-05 9.99732E-05
0.967519 9.99731E-05 0.0321807 9.99731E-05 9.99731E-05
0.879277 9.9991E-05 0.0131916 0.0131456 0.0942855
0.737869 9.9991E-05 0.0573132 0.0966378 0.10808
0.179726 9.99821E-05 0.240119 9.99821E-05 0.579955
0.9996 9.997E-05 9.997E-05 9.997E-05 9.997E-05
0.947811 0.0518891 9.99731E-05 9.99731E-05 9.99731E-05
0.667522 0.325601 9.99821E-05 9.99821E-05 0.00667643
0.9996 9.997E-05 9.997E-05 9.997E-05 9.997E-05
0.738997 9.99821E-05 9.99821E-05 0.11563 0.145173
0.633068 9.99821E-05 0.306514 9.99821E-05 0.0602185
0.575106 0.112533 0.00210844 0.143153 0.1671
0.96968 9.99731E-05 9.99731E-05 0.0300203 9.99731E-05
9.99731E-05 9.99731E-05 0.310622 9.99731E-05 0.689078
0.0338146 0.0807343 9.99821E-05 9.99821E-05 0.885251
0.118266 9.99821E-05 0.0522158 9.99821E-05 0.829318
0.0578096 9.99732E-05 9.99732E-05 9.99732E-05 0.941891
0.16939 9.99821E-05 0.0483351 9.99821E-05 0.782075
0.0174117 9.99731E-05 9.99731E-05 9.99731E-05 0.982288
9.99731E-05 9.99731E-05 0.0839588 9.99731E-05 0.915741
0.296516 9.99821E-05 9.99821E-05 0.0647712 0.638513
9.997E-05 9.997E-05 9.997E-05 9.997E-05 0.9996
0.149527 0.0926538 9.99821E-05 9.99821E-05 0.757619
9.997E-05 9.997E-05 9.997E-05 9.997E-05 0.9996
0.0445533 9.99731E-05 9.99731E-05 9.99731E-05 0.955147
9.99731E-05 0.0299006 9.99731E-05 9.99731E-05 0.9698
9.99731E-05 0.0615905 9.99731E-05 9.99731E-05 0.93811
0.142161 0.0468902 9.9991E-05 0.0167341 0.794114
0.210739 0.0640902 0.216128 9.9991E-05 0.508942
0.0518816 9.99821E-05 9.99821E-05 0.0514159 0.896503
0.188159 9.99821E-05 9.99821E-05 0.0455041 0.766137
0.204775 0.0581143 0.373155 0.0473006 0.316655
9.99731E-05 0.225804 9.99731E-05 9.99731E-05 0.773896
0.0724505 9.99911E-05 0.0825312 0.00428841 0.84063
9.99731E-05 9.99731E-05 0.0807299 9.99731E-05 0.91897
9.99732E-05 9.99732E-05 0.286831 9.99732E-05 0.712869
0.0395752 0.562641 9.99911E-05 0.0818696 0.315814
0.314435 0.118745 9.99821E-05 9.99821E-05 0.566619
0.054356 9.99732E-05 9.99732E-05 9.99732E-05 0.945344
0.251858 9.99821E-05 0.0390312 9.99821E-05 0.708911
9.99731E-05 0.155739 9.99731E-05 9.99731E-05 0.843961
9.99821E-05 0.00970757 0.293739 9.99821E-05 0.696354
0.0801932 0.619205 9.99821E-05 9.99821E-05 0.300401
9.99731E-05 9.99731E-05 0.118089 9.99731E-05 0.881611
0.0322158 9.9982E-05 0.166983 9.9982E-05 0.800601
0.064201 9.99731E-05 0.935499 9.99731E-05 9.99731E-05
0.234748 0.475329 9.9991E-05 0.0829302 0.206892
0.285668 0.235645 0.152303 9.9991E-05 0.326284
0.0927616 9.99731E-05 0.906938 9.99731E-05 9.99731E-05
0.196792 9.99821E-05 0.578686 9.99821E-05 0.224323
0.161226 9.9991E-05 0.360796 0.0482437 0.429634
0.187314 0.00294179 0.443414 0.113412 0.252919
9.99821E-05 0.319975 0.0960484 9.99821E-05 0.583777
0.135513 9.99911E-05 0.13988 0.197098 0.527409
0.358609 0.461272 9.99821E-05 9.99821E-05 0.179919
0.312171 0.213414 0.315318 0.0481845 0.110913
0.204846 9.9991E-05 0.313953 0.139268 0.341833
9.9991E-05 0.131643 0.756406 0.0416476 0.0702039
0.3375 0.6622 9.99731E-05 9.99731E-05 9.99731E-05
0.273887 0.462925 9.9991E-05 0.085653 0.177435
0.28587 9.99731E-05 0.71383 9.99731E-05 9.99731E-05
0.0126399 9.9982E-05 0.865663 0.121497 9.9982E-05
0.0948323 0.178647 0.208391 0.177296 0.340835
9.99732E-05 0.231234 0.768466 9.99732E-05 9.99732E-05
9.997E-05 0.9996 9.997E-05 9.997E-05 9.997E-05
9.99821E-05 0.207542 0.676033 9.99821E-05 0.116224
9.9991E-05 0.36968 0.0196653 0.16513 0.445425
9.99731E-05 0.631486 9.99731E-05 9.99731E-05 0.368215
0.328421 9.99821E-05 0.619421 0.0519587 9.99821E-05
0.287487 9.9991E-05 0.329577 0.0992684 0.283568
9.99821E-05 0.164031 0.246206 0.589563 9.99821E-05
0.0896974 0.0406488 0.612709 9.9991E-05 0.256845
9.99731E-05 0.724262 9.99731E-05 0.275438 9.99731E-05
0.15592 9.99821E-05 0.642461 9.99821E-05 0.201419
9.99821E-05 0.189749 0.645778 0.164273 9.99821E-05
9.99821E-05 0.089931 0.486189 0.42368 9.99821E-05
9.99731E-05 0.92545 0.0742502 9.99731E-05 9.99731E-05
0.00536564 0.534516 9.99821E-05 0.459919 9.99821E-05
9.99821E-05 0.182159 9.99821E-05 0.55961 0.25803
9.99821E-05 0.669344 0.0564559 0.274 9.99821E-05
9.99731E-05 0.363721 9.99731E-05 0.635979 9.99731E-05
0.0183505 0.21401 0.370159 0.397381 9.9991E-05
9.99732E-05 9.99732E-05 0.259303 0.740397 9.99732E-05
9.99821E-05 0.139771 9.99821E-05 0.669194 0.190835
0.0116195 0.720617 0.193179 0.074485 9.9991E-05
9.99732E-05 9.99732E-05 0.225025 0.774675 9.99732E-05
9.99732E-05 9.99732E-05 0.239548 0.760152 9.99732E-05
9.99731E-05 9.99731E-05 0.532623 0.467077 9.99731E-05
9.99731E-05 0.246674 9.99731E-05 0.753027 9.99731E-05
0.122536 0.254045 9.9991E-05 0.562766 0.0605534
9.99731E-05 0.172138 9.99731E-05 0.827562 9.99731E-05
0.00342232 0.143549 0.271384 0.581545 9.9991E-05
9.9982E-05 9.9982E-05 0.198532 0.751809 0.0494595
0.120698 0.283707 0.0664816 0.529013 9.9991E-05
9.9991E-05 0.193223 0.19265 0.534508 0.0795196
0.0376303 0.0529544 0.253359 0.655957 9.9991E-05
9.99821E-05 9.99821E-05 0.382031 0.593331 0.0244375
9.99821E-05 0.551408 9.99821E-05 0.395373 0.0530189
9.99732E-05 0.166085 9.99732E-05 0.833615 9.99732E-05
0.0527261 0.0641636 9.99821E-05 0.88291 9.99821E-05
9.99821E-05 0.206662 0.34919 0.443948 9.99821E-05
9.99821E-05 0.174322 9.99821E-05 0.774388 0.0510898
9.997E-05 9.997E-05 9.997E-05 0.9996 9.997E-05
9.99731E-05 9.99731E-05 9.99731E-05 0.98567 0.0140304
9.99731E-05 0.268374 9.99731E-05 0.731326 9.99731E-05
9.99731E-05 9.99731E-05 0.0810832 0.918617 9.99731E-05
9.99732E-05 0.196307 9.99732E-05 0.803393 9.99732E-05
0.0774522 0.0927253 9.9991E-05 0.808191 0.0215316
9.99732E-05 9.99732E-05 0.18312 0.816581 9.99732E-05
9.99731E-05 0.133609 9.99731E-05 0.866091 9.99731E-05
9.99732E-05 9.99732E-05 0.133205 0.866495 9.99732E-05
9.997E-05 9.997E-05 9.997E-05 0.9996 9.997E-05
9.99731E-05 9.99731E-05 0.185981 0.813719 9.99731E-05
9.99731E-05 0.146035 9.99731E-05 0.853665 9.99731E-05
9.997E-05 9.997E-05 9.997E-05 0.9996 9.997E-05
9.997E-05 9.997E-05 9.997E-05 0.9996 9.997E-05
9.99821E-05 0.305489 9.99821E-05 0.677013 0.0172989
9.997E-05 9.997E-05 9.997E-05 0.9996 9.997E-05
0.0438718 9.99732E-05 9.99732E-05 0.955828 9.99732E-05
9.99821E-05 0.00165781 9.99821E-05 0.924615 0.0735274
9.99731E-05 9.99731E-05 0.048472 0.951228 9.99731E-05
9.99731E-05 9.99731E-05 9.99731E-05 0.904821 0.0948787
0.116376 9.99731E-05 9.99731E-05 0.883324 9.99731E-05
0.036845 9.99732E-05 9.99732E-05 0.962855 9.99732E-05
9.99821E-05 9.99821E-05 0.0128164 0.888966 0.0980174
9.99731E-05 9.99731E-05 9.99731E-05 0.908252 0.091448
