9.99731E-05 9.99731E-05 0.965454 0.0342465 9.99731E-05
9.99731E-05 0.0159732 0.983727 9.99731E-05 9.99731E-05
9.99821E-05 9.99821E-05 0.795536 0.174706 0.0295582
0.085688 9.99731E-05 0.914012 9.99731E-05 9.99731E-05
9.99731E-05 9.99731E-05 0.982511 0.0171887 9.99731E-05
9.99731E-05 9.99731E-05 0.989308 0.0103921 9.99731E-05
9.997E-05 9.997E-05 0.9996 9.997E-05 9.997E-05
0.120372 9.99731E-05 0.879328 9.99731E-05 9.99731E-05
0.208115 9.99731E-05 0.791585 9.99731E-05 9.99731E-05
9.997E-05 9.997E-05 0.9996 9.997E-05 9.997E-05
0.0589742 0.0153015 0.925524 9.99821E-05 9.99821E-05
9.99731E-05 9.99731E-05 0.838847 0.160853 9.99731E-05
9.997E-05 9.997E-05 0.9996 9.997E-05 9.997E-05
9.99821E-05 0.00421501 0.958533 0.0370516 9.99821E-05
0.0114481 9.99731E-05 0.988252 9.99731E-05 9.99731E-05
0.0943325 9.99821E-05 0.885847 9.99821E-05 0.0196201
9.99731E-05 9.99731E-05 0.929787 0.0699132 9.99731E-05
9.99731E-05 9.99731E-05 0.963341 0.0363588 9.99731E-05
0.196426 9.99821E-05 0.76384 0.0395334 9.99821E-05
0.602909 9.99821E-05 0.390851 9.99821E-05 0.00603908
0.745304 9.9982E-05 0.110238 0.144258 9.9982E-05
0.115714 9.99731E-05 0.883986 9.99731E-05 9.99731E-05
9.997E-05 9.997E-05 0.9996 9.997E-05 9.997E-05
0.175325 9.99821E-05 0.604443 9.99821E-05 0.220031
9.99731E-05 9.99731E-05 0.948046 0.051654 9.99731E-05
0.0851867 9.9991E-05 0.732673 0.107986 0.0740543
0.587772 9.99731E-05 0.411928 9.99731E-05 9.99731E-05
0.354895 9.9991E-05 0.468765 0.0585194 0.11772
9.99731E-05 9.99731E-05 0.979896 9.99731E-05 0.0198038
9.99731E-05 0.194102 9.99731E-05 0.805598 9.99731E-05
0.165821 9.99821E-05 0.0212633 0.812716 9.99821E-05
9.99731E-05 9.99731E-05 0.0436198 0.95608 9.99731E-05
0.394558 9.99821E-05 0.0944695 0.510773 9.99821E-05
0.29831 9.99821E-05 0.216279 0.485211 9.99821E-05
0.466083 9.99731E-05 9.99731E-05 0.533617 9.99731E-05
0.426341 9.99731E-05 9.99731E-05 0.573359 9.99731E-05
9.99821E-05 9.99821E-05 0.342131 0.589557 0.0681117
0.349308 9.9973E-05 9.9973E-05 0.650392 9.9973E-05
0.14012 9.99821E-05 0.110858 0.748822 9.99821E-05
9.997E-05 9.997E-05 9.997E-05 0.9996 9.997E-05
0.0857312 9.99821E-05 0.0369365 0.877132 9.99821E-05
0.305689 9.99821E-05 0.012941 0.68117 9.99821E-05
0.0719426 9.99821E-05 0.0321566 0.895701 9.99821E-05
0.424842 9.99821E-05 0.0783816 0.496576 9.99821E-05
0.419851 0.0850379 0.122031 0.37298 9.9991E-05
9.99821E-05 9.99821E-05 0.0320786 0.951742 0.015979
0.545734 9.9982E-05 0.0210738 0.432992 9.9982E-05
9.99821E-05 0.382942 0.126999 0.489859 9.99821E-05
0.171185 0.0595994 9.9991E-05 0.737276 0.0318398
0.613125 9.99821E-05 0.0260178 0.360657 9.99821E-05
9.99731E-05 9.99731E-05 9.99731E-05 0.98618 0.01352
0.0507818 0.198428 9.99821E-05 0.75059 9.99821E-05
9.99911E-05 0.420757 0.00694871 0.441585 0.130609
0.0475133 9.9991E-05 0.299324 0.627739 0.0253238
0.447526 9.99731E-05 9.99731E-05 0.552174 9.99731E-05
0.214157 9.99821E-05 0.243942 0.541701 9.99821E-05
9.99731E-05 0.0523818 9.99731E-05 0.947318 9.99731E-05
0.0436625 0.195922 0.0291443 0.731171 9.9991E-05
0.643226 9.99821E-05 9.99821E-05 0.14809 0.208484
0.0464175 9.99731E-05 9.99731E-05 0.953283 9.99731E-05
9.9982E-05 9.9982E-05 0.0945554 0.855284 0.0499609
0.245074 0.617677 0.137049 9.9982E-05 9.9982E-05
0.031715 0.217722 0.253926 0.305859 0.190778
9.99821E-05 0.314248 0.378403 0.307149 9.99821E-05
0.166052 0.549827 0.141986 0.142035 9.9991E-05
0.0848253 0.45629 0.27067 0.188114 9.9991E-05
0.738096 9.9991E-05 0.091459 0.111652 0.0586931
0.253497 0.370588 0.170175 0.168657 0.0370841
0.00159942 0.293961 9.99821E-05 0.70424 9.99821E-05
0.66231 9.99911E-05 0.0180517 0.164559 0.15498
0.720076 0.112771 0.102814 0.0592824 0.00505736
0.718407 0.037856 0.112957 9.9991E-05 0.13068
0.180866 0.179766 0.138717 0.363059 0.137592
0.537177 0.434107 9.9982E-05 9.9982E-05 0.0285158
0.140752 0.563465 0.295583 9.99821E-05 9.99821E-05
0.090873 0.0366079 0.23365 0.351678 0.287192
0.930335 9.99731E-05 9.99731E-05 9.99731E-05 0.0693646
0.309425 0.502572 0.0319084 9.9991E-05 0.155995
9.9991E-05 0.322205 0.132717 0.322027 0.222951
9.997E-05 0.9996 9.997E-05 9.997E-05 9.997E-05
0.0346779 0.879565 9.99821E-05 9.99821E-05 0.0855569
0.385382 0.565424 0.00860444 0.0404892 9.9991E-05
9.9982E-05 0.286149 9.9982E-05 0.493282 0.220369
9.99821E-05 0.412938 9.99821E-05 0.528192 0.0586709
9.99821E-05 0.544207 0.35162 0.103973 9.99821E-05
0.598012 9.9991E-05 0.15925 0.130911 0.111727
9.99821E-05 0.398099 9.99821E-05 0.0158226 0.585879
9.99821E-05 0.401243 0.13586 0.462697 9.99821E-05
0.0378552 0.629234 9.99821E-05 9.99821E-05 0.332711
0.606662 0.254986 0.109352 0.0288998 9.9991E-05
0.180283 0.726624 9.9982E-05 9.9982E-05 0.0928933
0.252159 0.236237 9.9982E-05 9.9982E-05 0.511404
9.99731E-05 0.979373 9.99731E-05 0.0203272 9.99731E-05
9.9991E-05 0.106729 0.0830754 0.0861086 0.723987
0.0404972 9.99821E-05 9.99821E-05 0.2768 0.682502
9.99821E-05 0.68114 9.99821E-05 0.00151282 0.317147
9.99731E-05 0.329941 9.99731E-05 9.99731E-05 0.669759
9.99821E-05 0.444215 0.101518 9.99821E-05 0.454067
9.99732E-05 0.280239 9.99732E-05 9.99732E-05 0.719461
9.99731E-05 9.99731E-05 9.99731E-05 0.271058 0.728642
0.296731 0.44772 9.9982E-05 9.9982E-05 0.255349
0.151851 9.99732E-05 9.99732E-05 9.99732E-05 0.847849
9.99732E-05 0.26224 9.99732E-05 9.99732E-05 0.73746
0.447188 9.99731E-05 9.99731E-05 9.99731E-05 0.552512
9.99732E-05 0.178629 9.99732E-05 9.99732E-05 0.821071
9.9991E-05 0.0147934 0.0271623 0.297437 0.660508
0.0404856 0.0208058 0.0145128 0.00227121 0.921925
9.99821E-05 0.372129 0.0651077 9.99821E-05 0.562563
9.99821E-05 0.255939 9.99821E-05 0.072144 0.671717
0.00907277 0.132043 0.198246 9.9991E-05 0.660538
0.245082 0.12292 9.99821E-05 9.99821E-05 0.631798
9.9991E-05 0.273557 0.0529719 0.00230757 0.671064
0.0717991 0.270003 0.0153172 0.00441292 0.638468
9.99821E-05 0.296822 9.99821E-05 0.201914 0.501065
0.0409757 0.0543388 9.99821E-05 9.99821E-05 0.904486
0.0741739 0.0488806 9.99821E-05 9.99821E-05 0.876746
0.0544022 0.532848 9.99821E-05 9.99821E-05 0.41255
0.015639 9.99821E-05 9.99821E-05 0.125742 0.858419
9.997E-05 9.997E-05 9.997E-05 9.997E-05 0.9996
9.997E-05 9.997E-05 9.997E-05 9.997E-05 0.9996
9.99731E-05 0.137977 9.99731E-05 9.99731E-05 0.861723
9.99731E-05 0.178302 9.99731E-05 9.99731E-05 0.821398
9.99732E-05 0.13318 9.99732E-05 9.99732E-05 0.86652
9.99731E-05 9.99731E-05 0.104438 9.99731E-05 0.895262
0.129581 9.99731E-05 9.99731E-05 9.99731E-05 0.870119
9.99821E-05 0.00751208 0.0130363 9.99821E-05 0.979252
9.99731E-05 0.126888 9.99731E-05 9.99731E-05 0.872812
9.997E-05 9.997E-05 9.997E-05 9.997E-05 0.9996
0.0584085 9.99821E-05 0.0561026 9.99821E-05 0.885289
9.99731E-05 0.0260901 9.99731E-05 9.99731E-05 0.97361
9.997E-05 9.997E-05 9.997E-05 9.997E-05 0.9996
9.997E-05 9.997E-05 9.997E-05 9.997E-05 0.9996
9.99821E-05 0.100951 9.99821E-05 0.0662933 0.832556
9.997E-05 9.997E-05 9.997E-05 9.997E-05 0.9996
0.0375056 9.99821E-05 0.0267697 9.99821E-05 0.935525
9.99731E-05 9.99731E-05 0.0482267 9.99731E-05 0.951473
9.99821E-05 0.0442342 9.99821E-05 0.0281123 0.927454
9.99821E-05 9.99821E-05 0.0726384 0.00223864 0.924923
9.99821E-05 9.99821E-05 0.0723477 0.0178193 0.909633
9.99731E-05 9.99731E-05 0.0102644 9.99731E-05 0.989436
0.000280766 0.00693426 9.99911E-05 0.064169 0.928516
9.99821E-05 0.095618 0.0102237 9.99821E-05 0.893958
