9.99731E-05 0.964922 9.99731E-05 9.99731E-05 0.0347776
0.0708258 0.928874 9.99731E-05 9.99731E-05 9.99731E-05
9.99821E-05 0.788452 9.99821E-05 0.0361593 0.175188
9.997E-05 0.9996 9.997E-05 9.997E-05 9.997E-05
9.997E-05 0.9996 9.997E-05 9.997E-05 9.997E-05
9.997E-05 0.9996 9.997E-05 9.997E-05 9.997E-05
9.997E-05 0.9996 9.997E-05 9.997E-05 9.997E-05
9.99821E-05 0.913672 9.99821E-05 0.0461861 0.0399418
9.997E-05 0.9996 9.997E-05 9.997E-05 9.997E-05
9.997E-05 0.9996 9.997E-05 9.997E-05 9.997E-05
0.143559 0.856141 9.99731E-05 9.99731E-05 9.99731E-05
9.99731E-05 0.922602 9.99731E-05 9.99731E-05 0.077098
9.997E-05 0.9996 9.997E-05 9.997E-05 9.997E-05
9.997E-05 0.9996 9.997E-05 9.997E-05 9.997E-05
9.997E-05 0.9996 9.997E-05 9.997E-05 9.997E-05
0.0424191 0.957281 9.99731E-05 9.99731E-05 9.99731E-05
9.997E-05 0.9996 9.997E-05 9.997E-05 9.997E-05
0.010031 0.989669 9.99731E-05 9.99731E-05 9.99731E-05
9.9991E-05 0.826221 0.00166344 0.0240422 0.147974
0.100897 0.755545 0.0254795 0.117979 9.9991E-05
0.246854 0.314304 9.9982E-05 9.9982E-05 0.438642
0.0181637 0.981536 9.99731E-05 9.99731E-05 9.99731E-05
9.997E-05 0.9996 9.997E-05 9.997E-05 9.997E-05
0.0769359 0.746494 0.17637 9.99821E-05 9.99821E-05
9.997E-05 0.9996 9.997E-05 9.997E-05 9.997E-05
9.99821E-05 0.686002 0.0915187 9.99821E-05 0.22228
0.0280056 0.693228 0.00620283 0.0430271 0.229536
0.12936 0.609833 0.110251 9.9991E-05 0.150457
9.99731E-05 0.96586 0.0338402 9.99731E-05 9.99731E-05
0.0482138 9.99821E-05 9.99821E-05 0.0690428 0.882543
9.997E-05 9.997E-05 9.997E-05 9.997E-05 0.9996
9.99731E-05 0.0834702 9.99731E-05 9.99731E-05 0.91623
9.99732E-05 0.191161 9.99732E-05 9.99732E-05 0.80854
9.99731E-05 0.208351 9.99731E-05 9.99731E-05 0.791349
9.99731E-05 0.0891992 9.99731E-05 9.99731E-05 0.910501
0.0286713 0.0521494 9.99821E-05 9.99821E-05 0.918979
0.0862134 0.315204 0.0369321 9.9991E-05 0.56155
9.99731E-05 0.0995377 9.99731E-05 9.99731E-05 0.900162
9.99821E-05 0.128144 0.00501147 9.99821E-05 0.866645
9.997E-05 9.997E-05 9.997E-05 9.997E-05 0.9996
9.99731E-05 0.0567064 9.99731E-05 9.99731E-05 0.942994
9.99731E-05 0.0464243 9.99731E-05 9.99731E-05 0.953276
9.99821E-05 0.0584688 9.99821E-05 0.0239518 0.917379
9.9991E-05 0.145959 0.0209878 0.016041 0.816913
0.236938 0.214731 9.99821E-05 9.99821E-05 0.548131
9.99821E-05 0.0780885 0.0583659 9.99821E-05 0.863346
0.0652783 0.118649 9.99821E-05 9.99821E-05 0.815873
0.0912862 0.091587 9.9991E-05 0.20168 0.615346
9.99731E-05 9.99731E-05 0.0926682 9.99731E-05 0.907032
0.18468 0.0888176 9.99821E-05 9.99821E-05 0.726302
9.99821E-05 0.0329131 0.00695479 9.99821E-05 0.959932
0.170548 9.99821E-05 9.99821E-05 0.0223951 0.806857
9.99911E-05 0.00540166 0.0847261 0.348687 0.561085
9.9991E-05 0.340784 0.000249213 0.0300419 0.628825
9.99732E-05 0.0488238 9.99732E-05 9.99732E-05 0.950876
9.99732E-05 0.246069 9.99732E-05 9.99732E-05 0.753631
9.99731E-05 9.99731E-05 9.99731E-05 0.0218312 0.977869
0.156139 9.99821E-05 9.99821E-05 0.0371434 0.806518
0.181277 0.0226888 0.0591997 0.249813 0.487022
9.997E-05 9.997E-05 9.997E-05 9.997E-05 0.9996
0.0195086 0.073386 0.0395267 9.9991E-05 0.867479
0.693813 0.152009 9.9982E-05 0.153977 9.9982E-05
9.9991E-05 0.178941 0.0805326 0.329492 0.410934
0.071517 0.338545 9.9991E-05 0.185708 0.40413
0.861863 0.137837 9.99731E-05 9.99731E-05 9.99731E-05
0.599354 0.200972 9.99821E-05 9.99821E-05 0.199475
0.227157 0.217992 0.0969205 9.9991E-05 0.457831
0.525882 0.0992741 9.9991E-05 0.0768247 0.297919
9.99731E-05 9.99731E-05 9.99731E-05 0.178915 0.820785
0.173527 0.177694 0.0891728 0.109324 0.450281
0.585549 0.28023 9.99821E-05 9.99821E-05 0.134021
9.99821E-05 0.3818 9.99821E-05 0.414644 0.203356
0.232649 0.198075 0.00606221 0.192176 0.371037
0.706775 9.99821E-05 9.99821E-05 0.143702 0.149323
0.547178 0.290359 9.9991E-05 0.142996 0.0193674
0.295399 0.246034 0.232317 9.9991E-05 0.226149
0.772742 0.226958 9.99731E-05 9.99731E-05 9.99731E-05
0.942795 9.99731E-05 0.0569052 9.99731E-05 9.99731E-05
0.363827 0.262965 0.309599 9.9991E-05 0.0635086
0.834322 9.99732E-05 9.99732E-05 0.165378 9.99732E-05
0.45067 9.99732E-05 9.99732E-05 0.54903 9.99732E-05
0.807279 9.9991E-05 0.0313188 0.00539387 0.155908
9.99821E-05 9.99821E-05 0.0877904 0.375248 0.536762
0.480669 9.99821E-05 0.136184 9.99821E-05 0.382947
0.317647 0.376747 9.9991E-05 0.256754 0.0487521
0.20663 0.310171 0.133318 9.9991E-05 0.349781
0.198398 9.99821E-05 0.36592 0.435482 9.99821E-05
0.682065 0.0884574 9.99821E-05 9.99821E-05 0.229278
0.136485 9.99821E-05 9.99821E-05 0.814652 0.0486629
0.293937 0.304192 0.102677 9.9991E-05 0.299094
0.62521 9.9991E-05 0.0105214 0.344226 0.0199431
0.439168 9.9982E-05 0.334588 0.226044 9.9982E-05
0.227304 9.9982E-05 9.9982E-05 0.57799 0.194506
9.99821E-05 0.0735605 0.0836663 0.842573 9.99821E-05
9.9982E-05 9.9982E-05 0.416458 0.330556 0.252786
0.277213 9.99731E-05 9.99731E-05 0.722487 9.99731E-05
9.997E-05 9.997E-05 9.997E-05 0.9996 9.997E-05
0.406334 0.0489656 0.539168 0.00543248 9.9991E-05
9.997E-05 9.997E-05 9.997E-05 0.9996 9.997E-05
9.99821E-05 9.99821E-05 0.498935 0.34326 0.157605
0.516159 0.0726374 0.0168442 0.39426 9.9991E-05
0.242801 9.99732E-05 0.756899 9.99732E-05 9.99732E-05
9.99731E-05 9.99731E-05 0.0676128 0.932087 9.99731E-05
0.588373 9.99731E-05 0.411327 9.99731E-05 9.99731E-05
9.99732E-05 9.99732E-05 0.412865 0.586835 9.99732E-05
9.9991E-05 0.0746981 0.309781 0.500494 0.114927
0.0852816 9.9982E-05 0.763139 0.151379 9.9982E-05
9.9991E-05 0.10613 0.331646 0.541178 0.0209472
0.060954 9.9991E-05 0.371733 0.49731 0.0699024
0.0139956 0.125792 0.358054 0.415887 0.0862713
0.371819 9.9991E-05 0.563541 0.0603477 0.00419292
0.0385764 0.0237276 0.310063 0.620127 0.00750523
0.289787 0.026042 0.541082 0.135741 0.00734846
0.286609 9.9991E-05 0.314941 0.272223 0.126127
9.99732E-05 9.99732E-05 0.614499 0.385201 9.99732E-05
9.99821E-05 0.00941568 0.484575 0.50581 9.99821E-05
0.305993 9.99732E-05 9.99732E-05 0.693707 9.99732E-05
9.99821E-05 9.99821E-05 0.795362 0.109641 0.0947977
9.997E-05 9.997E-05 0.9996 9.997E-05 9.997E-05
9.99731E-05 9.99731E-05 0.925161 0.0745388 9.99731E-05
9.99731E-05 9.99731E-05 0.206879 0.792821 9.99731E-05
0.0549918 9.9982E-05 0.745896 0.198913 9.9982E-05
0.0528775 9.99821E-05 0.669105 0.277818 9.99821E-05
9.9982E-05 0.0824178 0.698982 0.218401 9.9982E-05
9.99821E-05 0.013032 0.54933 0.437438 9.99821E-05
9.99731E-05 9.99731E-05 0.826815 0.172885 9.99731E-05
0.00642587 9.99821E-05 0.576018 0.417356 9.99821E-05
9.997E-05 9.997E-05 0.9996 9.997E-05 9.997E-05
0.104414 0.0169747 0.724679 0.153833 9.9991E-05
9.99731E-05 9.99731E-05 0.753229 0.246471 9.99731E-05
9.997E-05 9.997E-05 0.9996 9.997E-05 9.997E-05
9.99731E-05 9.99731E-05 0.96868 0.0310204 9.99731E-05
9.9991E-05 0.0371667 0.638185 0.296556 0.0279915
9.997E-05 9.997E-05 0.9996 9.997E-05 9.997E-05
9.99732E-05 0.0236539 0.976046 9.99732E-05 9.99732E-05
9.9982E-05 0.0294041 0.820244 0.150152 9.9982E-05
9.99731E-05 9.99731E-05 0.949984 9.99731E-05 0.0497157
0.11177 9.99821E-05 0.865188 9.99821E-05 0.0228425
9.9982E-05 0.0448496 0.911578 9.9982E-05 0.0433727
9.99731E-05 0.0158214 0.983879 9.99731E-05 9.99731E-05
0.044269 9.99821E-05 0.909518 9.99821E-05 0.0460134
9.99821E-05 0.0421075 0.832374 0.125319 9.99821E-05
