0.0799787 0.919721 9.99731E-05 9.99731E-05 9.99731E-05
9.99731E-05 0.989082 9.99731E-05 0.0106179 9.99731E-05
0.0800515 0.859996 0.0597522 9.9982E-05 9.9982E-05
9.997E-05 0.9996 9.997E-05 9.997E-05 9.997E-05
9.997E-05 0.9996 9.997E-05 9.997E-05 9.997E-05
0.0153552 0.984345 9.99731E-05 9.99731E-05 9.99731E-05
9.997E-05 0.9996 9.997E-05 9.997E-05 9.997E-05
9.99731E-05 0.973395 0.0263052 9.99731E-05 9.99731E-05
9.997E-05 0.9996 9.997E-05 9.997E-05 9.997E-05
9.997E-05 0.9996 9.997E-05 9.997E-05 9.997E-05
9.99731E-05 0.95651 9.99731E-05 0.0431896 9.99731E-05
0.147376 0.852324 9.99731E-05 9.99731E-05 9.99731E-05
9.997E-05 0.9996 9.997E-05 9.997E-05 9.997E-05
0.0555765 0.944124 9.99731E-05 9.99731E-05 9.99731E-05
9.997E-05 0.9996 9.997E-05 9.997E-05 9.997E-05
9.99731E-05 0.890819 9.99731E-05 0.108881 9.99731E-05
9.997E-05 0.9996 9.997E-05 9.997E-05 9.997E-05
9.99731E-05 0.989541 9.99731E-05 0.0101586 9.99731E-05
0.156263 0.818598 0.00813207 0.0169077 9.9991E-05
0.154155 0.594734 0.062282 0.188729 9.9991E-05
0.570375 0.221045 9.99821E-05 0.20838 9.99821E-05
0.0053907 0.994309 9.99731E-05 9.99731E-05 9.99731E-05
9.99731E-05 0.990731 0.0089693 9.99731E-05 9.99731E-05
0.0564513 0.729618 0.111086 9.9991E-05 0.102744
9.997E-05 0.9996 9.997E-05 9.997E-05 9.997E-05
0.134706 0.770298 9.99821E-05 9.99821E-05 0.0947954
0.108565 0.828576 0.0626595 9.99821E-05 9.99821E-05
0.188391 0.630581 0.0307986 9.9991E-05 0.150129
9.99731E-05 0.967776 9.99731E-05 9.99731E-05 0.0319238
0.745924 9.99731E-05 9.99731E-05 0.253776 9.99731E-05
0.9996 9.997E-05 9.997E-05 9.997E-05 9.997E-05
0.919315 0.0803854 9.99731E-05 9.99731E-05 9.99731E-05
0.882154 0.117546 9.99732E-05 9.99732E-05 9.99732E-05
0.743833 0.255867 9.99732E-05 9.99732E-05 9.99732E-05
0.894109 0.0938604 9.99821E-05 0.0118312 9.99821E-05
0.950559 0.049141 9.99731E-05 9.99731E-05 9.99731E-05
0.551287 0.390751 9.99821E-05 9.99821E-05 0.0577619
0.943942 0.0557581 9.99731E-05 9.99731E-05 9.99731E-05
0.813534 0.153552 9.9991E-05 0.0158219 0.0169924
0.9996 9.997E-05 9.997E-05 9.997E-05 9.997E-05
0.963777 0.0359228 9.99731E-05 9.99731E-05 9.99731E-05
0.980473 9.99731E-05 9.99731E-05 9.99731E-05 0.0192271
0.980946 9.99731E-05 0.0187542 9.99731E-05 9.99731E-05
0.756912 0.198507 0.00553023 9.9991E-05 0.0389507
0.541495 0.278497 0.0316225 0.148285 9.9991E-05
0.811387 0.13578 9.99821E-05 9.99821E-05 0.0526336
0.750881 0.211178 0.0377404 9.9982E-05 9.9982E-05
0.4874 0.0333048 0.0844557 0.39474 9.9991E-05
0.889703 9.99821E-05 9.99821E-05 0.0226807 0.0874166
0.72845 0.130856 9.99821E-05 0.140495 9.99821E-05
0.916414 9.99731E-05 9.99731E-05 0.0832859 9.99731E-05
0.716617 9.99732E-05 9.99732E-05 0.283083 9.99732E-05
0.640712 9.99732E-05 9.99732E-05 9.99732E-05 0.358988
0.591605 0.255467 9.99821E-05 0.152728 9.99821E-05
0.994833 0.00486735 9.99732E-05 9.99732E-05 9.99732E-05
0.663084 0.336616 9.99732E-05 9.99732E-05 9.99732E-05
0.944661 9.99731E-05 0.0550394 9.99731E-05 9.99731E-05
0.737642 9.99731E-05 9.99731E-05 0.262058 9.99731E-05
0.632377 9.99821E-05 0.303341 9.99821E-05 0.0640823
0.970067 9.99731E-05 9.99731E-05 0.0296334 9.99731E-05
0.639444 0.136737 9.9982E-05 0.22362 9.9982E-05
9.9982E-05 0.096441 0.0773867 0.825972 9.9982E-05
0.480219 0.13389 0.21211 0.0369365 0.136844
0.346368 0.343298 0.145213 0.165021 9.99911E-05
9.99732E-05 0.0562285 9.99732E-05 0.943472 9.99732E-05
0.0749634 0.257768 9.99821E-05 0.667069 9.99821E-05
0.405809 0.218728 9.9991E-05 0.290103 0.0852604
0.171947 0.207686 9.9991E-05 0.549998 0.0702687
0.766669 9.99821E-05 0.189296 0.0438347 9.99821E-05
0.4684 0.215066 0.316334 9.99821E-05 9.99821E-05
0.360652 0.231202 0.0299187 0.378128 9.99911E-05
0.177326 0.409189 0.413285 9.99821E-05 9.99821E-05
0.424233 0.138925 0.0916298 0.293298 0.051914
0.0865112 9.99821E-05 0.124551 0.788738 9.99821E-05
0.0670174 0.35678 0.228636 0.347467 9.9991E-05
0.396162 0.196456 0.141925 0.0909163 0.174541
9.99731E-05 0.274105 9.99731E-05 0.725595 9.99731E-05
9.9982E-05 0.0144647 9.9982E-05 0.849679 0.135656
0.153018 0.0311272 9.9991E-05 0.587899 0.227855
9.99732E-05 9.99732E-05 0.0132847 0.986415 9.99732E-05
0.0760658 0.00313423 0.654777 0.265923 9.99911E-05
0.153083 9.99821E-05 0.0516755 0.795042 9.99821E-05
0.511175 9.9991E-05 0.316985 0.0752214 0.0965182
0.420995 9.99821E-05 9.99821E-05 0.393285 0.185519
9.99821E-05 0.390898 0.110694 0.498208 9.99821E-05
0.207512 0.270555 9.9991E-05 0.479647 0.0421867
9.99821E-05 9.99821E-05 0.240758 0.302763 0.456278
0.202057 0.104411 9.99821E-05 0.693332 9.99821E-05
0.0332058 9.9991E-05 0.828351 0.116769 0.0215742
0.225486 0.189339 9.99821E-05 0.584975 9.99821E-05
9.99731E-05 9.99731E-05 0.290659 0.709041 9.99731E-05
9.9982E-05 9.9982E-05 0.175674 0.486214 0.337912
0.130802 9.99821E-05 0.572924 0.296074 9.99821E-05
0.0290797 0.0434371 0.927283 9.99821E-05 9.99821E-05
0.243552 9.9982E-05 0.464075 9.9982E-05 0.292173
0.109963 9.99821E-05 0.767459 0.122378 9.99821E-05
9.997E-05 9.997E-05 0.9996 9.997E-05 9.997E-05
9.99731E-05 9.99731E-05 9.99731E-05 0.524504 0.475196
9.997E-05 9.997E-05 0.9996 9.997E-05 9.997E-05
0.188941 9.99821E-05 0.222042 9.99821E-05 0.588817
9.9991E-05 0.0348955 0.274351 0.595478 0.0951762
9.99821E-05 9.99821E-05 0.0949593 0.165124 0.739717
9.99731E-05 9.99731E-05 0.756836 9.99731E-05 0.242864
9.99731E-05 9.99731E-05 9.99731E-05 0.541584 0.458116
9.99731E-05 9.99731E-05 0.566905 9.99731E-05 0.432795
0.14076 0.0909753 0.293309 9.9991E-05 0.474856
9.9982E-05 9.9982E-05 0.155514 0.0349797 0.809307
0.00469038 0.135039 0.439397 9.9991E-05 0.420773
9.9982E-05 0.0767231 0.669672 9.9982E-05 0.253405
9.9982E-05 0.209446 0.567673 9.9982E-05 0.222681
0.0373518 9.99821E-05 9.99821E-05 0.358863 0.603586
9.99821E-05 9.99821E-05 0.377531 0.183345 0.438924
9.99821E-05 9.99821E-05 0.100366 0.366688 0.532746
0.16894 9.9991E-05 0.587028 0.0699991 0.173933
9.99731E-05 9.99731E-05 0.668121 9.99731E-05 0.331579
9.99821E-05 0.0168946 0.474374 9.99821E-05 0.508531
9.99821E-05 9.99821E-05 0.536061 0.299813 0.163926
0.0897197 9.99821E-05 0.162631 9.99821E-05 0.74745
9.997E-05 9.997E-05 9.997E-05 9.997E-05 0.9996
9.99731E-05 9.99731E-05 0.252178 9.99731E-05 0.747522
9.99731E-05 9.99731E-05 0.63887 9.99731E-05 0.36083
9.9982E-05 9.9982E-05 0.25698 0.0276408 0.715179
9.99821E-05 9.99821E-05 0.3637 0.00765271 0.628447
9.99821E-05 0.0529581 0.331729 9.99821E-05 0.615113
9.99821E-05 0.00816448 0.537813 9.99821E-05 0.453823
9.99731E-05 9.99731E-05 0.146915 9.99731E-05 0.852785
9.99821E-05 9.99821E-05 0.131865 0.102524 0.76541
9.997E-05 9.997E-05 9.997E-05 9.997E-05 0.9996
9.9991E-05 0.0339435 0.146453 0.102896 0.716608
9.99731E-05 9.99731E-05 0.370263 9.99731E-05 0.629437
9.997E-05 9.997E-05 9.997E-05 9.997E-05 0.9996
9.997E-05 9.997E-05 9.997E-05 9.997E-05 0.9996
0.0563385 0.0652291 0.140617 9.9991E-05 0.737716
9.997E-05 9.997E-05 9.997E-05 9.997E-05 0.9996
9.99732E-05 0.0361764 9.99732E-05 9.99732E-05 0.963524
0.0545943 0.0068591 9.99821E-05 9.99821E-05 0.938347
9.99732E-05 9.99732E-05 9.99732E-05 0.0569219 0.942778
0.00678615 0.0328914 9.9991E-05 0.0910131 0.869209
0.0975114 0.010758 9.99821E-05 9.99821E-05 0.891531
9.99731E-05 9.99731E-05 9.99731E-05 0.02865 0.97105
9.99821E-05 0.0162762 9.99821E-05 0.108096 0.875428
9.99821E-05 0.0436439 9.99821E-05 0.0444888 0.911667
