0.720776 9.99731E-05 0.278924 9.99731E-05 9.99731E-05
0.505812 9.9973E-05 0.493888 9.9973E-05 9.9973E-05
0.597197 9.9991E-05 0.290855 0.0243616 0.0874871
0.575955 9.99731E-05 0.423745 9.99731E-05 9.99731E-05
0.9996 9.997E-05 9.997E-05 9.997E-05 9.997E-05
9.997E-05 9.997E-05 0.9996 9.997E-05 9.997E-05
0.756291 9.99731E-05 0.243409 9.99731E-05 9.99731E-05
0.717321 9.9991E-05 0.27051 0.000245949 0.011823
0.752167 9.99731E-05 0.247533 9.99731E-05 9.99731E-05
0.973301 9.99731E-05 0.0263987 9.99731E-05 9.99731E-05
0.346384 0.0328012 0.620614 9.99821E-05 9.99821E-05
0.134638 9.99821E-05 0.781782 9.99821E-05 0.0833799
0.675968 9.99731E-05 0.323732 9.99731E-05 9.99731E-05
0.619565 9.99731E-05 0.380135 9.99731E-05 9.99731E-05
0.513826 9.99731E-05 0.485874 9.99731E-05 9.99731E-05
0.665631 9.99821E-05 0.320725 0.0134442 9.99821E-05
9.997E-05 9.997E-05 0.9996 9.997E-05 9.997E-05
0.0714935 9.99731E-05 0.928207 9.99731E-05 9.99731E-05
9.99731E-05 9.99731E-05 0.944451 9.99731E-05 0.0552488
0.124387 0.153701 0.702155 0.0196569 9.9991E-05
9.99821E-05 0.0833078 0.407394 9.99821E-05 0.509098
0.313733 9.99731E-05 0.685967 9.99731E-05 9.99731E-05
0.948136 9.99731E-05 0.0515638 9.99731E-05 9.99731E-05
9.99731E-05 9.99731E-05 0.796428 0.203272 9.99731E-05
0.169649 9.99731E-05 0.830051 9.99731E-05 9.99731E-05
0.608536 9.9991E-05 0.209904 0.0823351 0.0991249
0.960666 9.99732E-05 9.99732E-05 0.0390337 9.99732E-05
0.123762 9.9991E-05 0.519937 0.127423 0.228778
9.997E-05 9.997E-05 0.9996 9.997E-05 9.997E-05
9.99821E-05 0.169869 0.0886113 9.99821E-05 0.74132
9.99731E-05 9.99731E-05 0.0902954 9.99731E-05 0.909405
9.99731E-05 9.99731E-05 0.244789 9.99731E-05 0.754911
0.407743 9.99731E-05 9.99731E-05 9.99731E-05 0.591957
9.99731E-05 9.99731E-05 0.363534 9.99731E-05 0.636166
0.223766 9.99731E-05 9.99731E-05 9.99731E-05 0.775934
0.211289 9.99731E-05 9.99731E-05 9.99731E-05 0.788411
0.0537769 9.9991E-05 0.440945 0.0327607 0.472418
9.99815E-05 9.99815E-05 0.250715 9.99815E-05 0.748985
0.243078 0.0261412 9.99821E-05 9.99821E-05 0.730581
9.99732E-05 9.99732E-05 0.0659294 9.99732E-05 0.933771
0.0659399 9.99821E-05 0.0927775 9.99821E-05 0.841083
0.136854 9.99731E-05 9.99731E-05 9.99731E-05 0.862846
9.99731E-05 9.99731E-05 0.094067 9.99731E-05 0.905633
0.419069 0.0117372 9.9991E-05 0.0228716 0.546222
0.45393 0.189632 9.9982E-05 9.9982E-05 0.356237
0.157901 9.99821E-05 9.99821E-05 0.0116374 0.830262
0.284406 9.99821E-05 0.030558 9.99821E-05 0.684836
0.110681 0.269689 0.0114892 0.0723441 0.535797
9.99821E-05 9.99821E-05 0.206471 0.056688 0.736641
9.99731E-05 9.99731E-05 0.288324 9.99731E-05 0.711376
9.99731E-05 9.99731E-05 0.173732 9.99731E-05 0.825968
9.99732E-05 0.0964343 9.99732E-05 9.99732E-05 0.903266
0.0203012 0.186757 9.99911E-05 0.263852 0.528989
0.323938 0.0339031 0.118741 0.00100883 0.522409
0.152715 9.99731E-05 9.99731E-05 9.99731E-05 0.846985
0.505145 9.99731E-05 9.99731E-05 9.99731E-05 0.494555
9.997E-05 9.997E-05 9.997E-05 9.997E-05 0.9996
0.0752054 0.191776 9.99821E-05 9.99821E-05 0.732818
0.0403039 0.222658 0.0507857 0.203784 0.482468
9.99731E-05 9.99731E-05 0.0185356 9.99731E-05 0.981164
0.0194893 9.9991E-05 0.147613 0.0206462 0.812152
0.176066 0.723203 0.100531 9.9982E-05 9.9982E-05
0.245831 0.227472 9.9991E-05 0.221341 0.305257
0.354709 0.339344 9.99821E-05 9.99821E-05 0.305747
9.99731E-05 0.660874 0.338826 9.99731E-05 9.99731E-05
9.99821E-05 0.431144 0.553884 9.99821E-05 0.0147726
0.460224 0.088496 9.9991E-05 0.125391 0.325789
0.189427 0.458115 0.106105 0.0145769 0.231776
0.0283643 0.235344 9.9991E-05 0.030731 0.705461
0.141589 0.27561 0.168792 0.113671 0.300338
0.14096 0.405342 0.225177 9.9991E-05 0.228422
0.576749 0.249649 9.99821E-05 0.173402 9.99821E-05
0.191366 0.169211 9.9991E-05 0.158971 0.480352
0.174758 0.596709 9.9991E-05 0.108407 0.120027
0.262783 0.60206 0.134957 9.99821E-05 9.99821E-05
0.0884254 0.133261 0.242898 0.262548 0.272868
0.511434 0.488266 9.99731E-05 9.99731E-05 9.99731E-05
9.99821E-05 0.788948 0.168136 0.0427168 9.99821E-05
9.9991E-05 0.346596 0.360041 0.221773 0.0714897
0.0198332 0.979867 9.99731E-05 9.99731E-05 9.99731E-05
9.99732E-05 0.924296 9.99732E-05 0.0754041 9.99732E-05
0.0642803 0.678201 0.0905236 9.9991E-05 0.166895
9.99821E-05 0.317584 9.99821E-05 0.182368 0.499848
9.9991E-05 0.341465 0.109771 0.103584 0.44508
0.273086 0.549008 0.177706 9.99821E-05 9.99821E-05
0.349717 9.9991E-05 0.0359662 0.198371 0.415846
9.99821E-05 0.288474 9.99821E-05 0.644489 0.0668375
9.9982E-05 0.431959 0.268953 9.9982E-05 0.298888
9.99821E-05 0.53306 9.99821E-05 0.44999 0.0167504
0.334703 0.205828 9.9991E-05 0.0764713 0.382899
9.9991E-05 0.759972 0.0219093 0.158287 0.0597313
9.9991E-05 0.524423 0.0428019 0.415923 0.0167517
9.99821E-05 0.979896 9.99821E-05 0.0142315 0.00567273
0.117305 0.242627 9.99821E-05 0.639869 9.99821E-05
0.0876418 9.99821E-05 9.99821E-05 0.687556 0.224602
9.99731E-05 0.641276 9.99731E-05 0.358424 9.99731E-05
9.99731E-05 0.327781 9.99731E-05 0.671919 9.99731E-05
0.144698 0.367129 9.99821E-05 0.487973 9.99821E-05
9.99732E-05 0.274885 9.99732E-05 0.724815 9.99732E-05
9.99821E-05 0.0219808 9.99821E-05 0.751819 0.226
0.115213 0.631568 9.99821E-05 0.253019 9.99821E-05
9.99822E-05 0.0981539 9.99822E-05 0.861118 0.0405278
9.99732E-05 0.208175 9.99732E-05 0.791525 9.99732E-05
9.99821E-05 0.475577 0.0641398 0.460083 9.99821E-05
9.99732E-05 0.127916 9.99732E-05 0.871784 9.99732E-05
0.0283705 9.9991E-05 0.0640381 0.744408 0.163084
9.99731E-05 9.99731E-05 9.99731E-05 0.965766 0.0339344
9.99821E-05 0.335207 0.0592091 0.605384 9.99821E-05
9.99731E-05 0.364284 9.99731E-05 0.635416 9.99731E-05
9.99821E-05 0.107862 0.241418 0.65052 9.99821E-05
9.99821E-05 0.371913 9.99821E-05 0.568263 0.0596237
0.0598223 0.241097 9.99821E-05 0.698881 9.99821E-05
0.019897 0.0783728 0.0353028 0.740443 0.125985
9.99821E-05 0.370477 9.99821E-05 0.498297 0.131027
9.99731E-05 0.112617 9.99731E-05 0.887083 9.99731E-05
0.0359392 0.0496156 0.0312155 0.88313 9.9991E-05
9.99732E-05 0.599324 9.99732E-05 0.400376 9.99732E-05
9.99821E-05 9.99821E-05 0.0287906 0.892568 0.0784413
9.997E-05 9.997E-05 9.997E-05 0.9996 9.997E-05
9.997E-05 9.997E-05 9.997E-05 0.9996 9.997E-05
9.99731E-05 0.13096 9.99731E-05 0.86874 9.99731E-05
9.99731E-05 0.131323 9.99731E-05 0.868377 9.99731E-05
9.99732E-05 0.149315 9.99732E-05 0.850385 9.99732E-05
0.0708262 0.0690196 9.9991E-05 0.858684 0.00137021
0.0491094 0.0461428 9.99821E-05 0.904548 9.99821E-05
9.99731E-05 0.017496 9.99731E-05 0.982204 9.99731E-05
0.053101 0.0172006 9.99821E-05 0.929498 9.99821E-05
9.997E-05 9.997E-05 9.997E-05 0.9996 9.997E-05
0.0220292 0.0733637 0.0336325 0.870875 9.9991E-05
9.99731E-05 0.0880749 9.99731E-05 0.911625 9.99731E-05
9.997E-05 9.997E-05 9.997E-05 0.9996 9.997E-05
9.997E-05 9.997E-05 9.997E-05 0.9996 9.997E-05
0.0519121 9.99821E-05 9.99821E-05 0.840917 0.106971
9.997E-05 9.997E-05 9.997E-05 0.9996 9.997E-05
9.99732E-05 9.99732E-05 0.0154807 0.984219 9.99732E-05
0.0219477 9.9991E-05 0.00994853 0.946847 0.0211572
9.99821E-05 9.99821E-05 0.0558447 0.943043 0.000912821
9.99731E-05 9.99731E-05 9.99731E-05 0.924785 0.0749155
0.011814 9.9991E-05 0.0921824 0.872068 0.023836
0.0322571 9.99731E-05 9.99731E-05 0.967443 9.99731E-05
0.0440793 9.99821E-05 9.99821E-05 0.919497 0.0362239
9.99821E-05 9.99821E-05 0.0690894 0.912105 0.0186052
